8799,9,18,WIN
8799,16,20,WIN
8799,12,20,WIN
8799,13,18,WIN
8799,20,22,LOSS
8799,10,18,WIN
8799,8,17,WIN
8799,13,17,WIN
8799,16,14,LOSS
8799,8,15,WIN
8799,13,12,LOSS
8799,8,10,WIN
8799,14,15,WIN
8799,14,20,WIN
8799,18,18,LOSS
8799,20,19,LOSS
8799,20,12,LOSS
8799,15,20,WIN
8799,9,12,WIN
8799,13,20,WIN
8799,17,13,LOSS
8799,7,15,WIN
1725,21,18,LOSS
1725,20,12,LOSS
1725,20,21,WIN
1725,19,10,LOSS
1725,20,6,LOSS
1725,20,9,LOSS
1725,8,17,WIN
1725,14,20,WIN
1725,17,15,LOSS
1725,7,14,WIN
1725,16,18,WIN
1725,17,10,LOSS
1725,19,16,LOSS
1725,7,11,WIN
1725,16,12,LOSS
1725,16,20,WIN
1725,8,10,WIN
1725,15,17,WIN
1725,15,18,WIN
1725,14,20,WIN
1725,18,12,LOSS
1725,14,13,LOSS
1725,14,20,WIN
1725,17,15,LOSS
1725,8,17,WIN
1725,20,20,LOSS
1725,18,21,WIN
1725,14,8,LOSS
1725,14,18,WIN
1725,14,15,WIN
1725,13,11,LOSS
1725,13,25,LOSS
1725,14,12,LOSS
1725,11,9,LOSS
1725,11,12,WIN
1725,20,13,LOSS
1725,20,15,LOSS
1725,13,19,WIN
1725,14,12,LOSS
1725,18,15,LOSS
1725,15,23,LOSS
1725,21,15,LOSS
1725,13,18,WIN
1725,12,12,LOSS
1725,9,21,WIN
1725,20,18,LOSS
1725,9,14,WIN
1725,12,23,LOSS
1725,12,14,WIN
1725,10,18,WIN
1725,9,11,WIN
1725,18,8,LOSS
1725,15,19,WIN
1725,19,11,LOSS
1725,6,21,WIN
1725,19,12,LOSS
1725,14,14,LOSS
1725,14,15,WIN
1725,18,13,LOSS
1725,13,15,WIN
1725,12,11,LOSS
1725,16,9,LOSS
1725,11,14,WIN
7711,20,11,LOSS
7711,17,12,LOSS
7711,12,27,LOSS
7711,14,17,WIN
7711,14,21,WIN
7711,19,27,LOSS
7711,15,20,WIN
7711,16,17,WIN
7711,13,28,LOSS
7711,12,14,WIN
7711,14,7,LOSS
7711,17,26,LOSS
7711,16,18,WIN
7711,14,11,LOSS
7711,21,21,LOSS
7711,19,17,LOSS
7711,9,21,WIN
7711,7,15,WIN
7711,6,15,WIN
7711,16,12,LOSS
7711,16,14,LOSS
7711,19,16,LOSS
7711,21,14,LOSS
7711,12,15,WIN
7711,9,17,WIN
7711,16,21,WIN
7711,10,18,WIN
7711,13,15,WIN
7711,14,16,WIN
7711,14,26,LOSS
7711,19,24,LOSS
7711,7,20,WIN
7711,15,19,WIN
7711,13,20,WIN
7711,19,22,LOSS
7711,4,12,WIN
7711,19,13,LOSS
7711,9,20,WIN
7711,12,21,WIN
7711,11,16,WIN
7711,16,19,WIN
7711,11,11,LOSS
7711,4,17,WIN
7711,20,21,WIN
7711,12,16,WIN
7711,12,20,WIN
7711,14,22,LOSS
7711,10,16,WIN
7711,19,18,LOSS
7711,15,17,WIN
7711,5,12,WIN
7711,14,26,LOSS
7711,6,25,LOSS
7711,5,17,WIN
7711,17,17,LOSS
7711,11,20,WIN
7711,12,11,LOSS
7711,17,15,LOSS
7711,7,16,WIN
7711,16,19,WIN
7711,16,15,LOSS
7711,14,9,LOSS
9566,11,13,WIN
9566,16,14,LOSS
9566,18,14,LOSS
9566,13,12,LOSS
9566,19,14,LOSS
9566,12,8,LOSS
9566,15,7,LOSS
9566,17,13,LOSS
9566,13,14,WIN
9566,20,21,WIN
9566,19,20,WIN
9566,13,16,WIN
9566,7,16,WIN
9566,20,18,LOSS
9566,20,10,LOSS
9566,9,18,WIN
9566,19,20,WIN
9566,21,14,LOSS
9566,11,10,LOSS
9566,8,19,WIN
9566,13,17,WIN
9566,20,21,WIN
9566,8,16,WIN
9566,19,11,LOSS
9566,9,12,WIN
9566,9,17,WIN
9566,21,14,LOSS
9566,7,20,WIN
9566,19,24,LOSS
9566,17,20,WIN
9566,12,18,WIN
9566,11,21,WIN
9566,15,20,WIN
9566,8,18,WIN
9566,20,18,LOSS
9566,12,20,WIN
9566,18,17,LOSS
9566,11,18,WIN
9566,15,13,LOSS
9566,15,13,LOSS
9566,13,19,WIN
9566,21,21,LOSS
9566,8,16,WIN
9566,14,23,LOSS
9566,12,10,LOSS
9566,15,18,WIN
9566,14,10,LOSS
9566,4,11,WIN
9566,14,10,LOSS
9566,19,18,LOSS
9566,20,7,LOSS
9566,17,10,LOSS
9566,15,19,WIN
9566,13,20,WIN
9566,9,16,WIN
9566,13,14,WIN
9566,20,12,LOSS
9566,10,20,WIN
9566,9,9,LOSS
9566,15,19,WIN
9566,12,13,WIN
9566,4,16,WIN
9566,16,25,LOSS
8952,11,13,WIN
8952,13,13,LOSS
8952,8,15,WIN
8952,21,13,LOSS
8952,13,15,WIN
8952,8,13,WIN
8952,14,15,WIN
8952,11,10,LOSS
8952,12,13,WIN
8952,12,19,WIN
8952,19,16,LOSS
8952,18,16,LOSS
8952,17,20,WIN
8952,17,14,LOSS
8952,18,11,LOSS
8952,12,14,WIN
8952,16,12,LOSS
8952,14,16,WIN
8952,17,26,LOSS
8952,17,16,LOSS
8952,14,9,LOSS
8952,12,15,WIN
8952,12,16,WIN
8952,7,14,WIN
8952,7,5,LOSS
8952,12,11,LOSS
8952,17,13,LOSS
8952,18,15,LOSS
8952,16,10,LOSS
8952,8,19,WIN
8952,20,20,LOSS
8952,15,15,LOSS
8952,15,19,WIN
8952,15,13,LOSS
8952,13,20,WIN
8952,18,13,LOSS
8952,12,25,LOSS
8952,13,20,WIN
8952,16,12,LOSS
8952,16,18,WIN
8952,19,20,WIN
8952,17,21,WIN
8952,17,17,LOSS
8952,15,11,LOSS
8952,18,10,LOSS
8952,12,19,WIN
8952,14,11,LOSS
8952,11,20,WIN
8952,16,21,WIN
8952,20,15,LOSS
8952,12,18,WIN
8952,13,10,LOSS
8952,17,4,LOS